0	1987436.25
1	1980611.77
2	1976924.32
3	1971759.95
4	1972059.47
5	2004115.22
6	1958424.29
7	1994646.18
8	1959176.53
9	1976599.15
10	2065957.15
11	1977450.53
12	2104826.53
13	2087519.06
14	1974535.79
15	1975244.50
16	1983375.08
17	2007189.33
18	2047486.42
19	1988398.80
20	1966010.12
21	2093310.98
22	1951724.36
23	1981150.97
24	1964175.29
25	2007012.40
26	1955171.35
27	1977407.73
28	2026252.46
29	2079578.30
30	1962659.83
31	1974127.94
32	1992447.02
33	1979500.36
34	1960967.15
35	1990839.05
36	1981295.83
37	1987296.72
38	1973012.69
39	2016294.05
40	2039236.08
41	2686172.60
42	1961828.09
43	1987153.87
44	1968832.08
45	2010661.87
46	2056459.58
47	2021822.02
48	1957539.53
49	2028591.37
50	2050827.84
51	1988570.47
52	2017161.98
53	1977006.87
54	1964945.17
55	1982331.66
56	1966012.68
57	1979087.31
58	1964758.32
59	1998196.32
60	2108528.98
61	1977616.98
62	1965099.03
63	2009543.73
64	2012268.84
