0	803233.32
1	793460.16
2	804720.03
3	786498.80
4	769173.03
5	826907.84
6	806039.79
7	938978.49
8	740827.27
9	760854.83
10	932773.39
11	755798.58
12	740925.02
13	757431.99
14	771392.70
15	760512.99
16	747300.13
17	763901.55
18	761405.77
19	759865.80
20	745464.38
21	840525.34
22	768853.53
23	765378.81
24	737089.48
25	759270.59
26	759447.85
27	800138.83
28	747959.13
29	979101.22
30	771158.09
31	763091.75
32	743612.01
33	769350.40
34	775551.97
35	763996.10
36	750834.93
37	766866.17
38	786380.47
39	777832.66
40	744689.76
41	759610.65
42	779114.16
43	773472.92
44	874793.38
45	775178.57
46	776107.95
47	756388.09
48	940807.77
49	838158.88
50	804217.18
51	757152.53
52	748846.41
53	766167.23
54	759267.17
55	759266.53
56	735330.34
57	757194.29
58	758821.26
59	759528.08
60	746087.67
61	756876.70
62	756707.87
63	757801.51
64	739522.28
