0	1295268.67
1	1048358.75
2	1007142.87
3	1001429.71
4	1120813.31
5	998856.83
6	1010082.72
7	1045874.77
8	1103156.60
9	1043692.25
10	1007761.30
11	1079139.38
12	981405.82
13	997181.54
14	997810.73
15	998288.29
16	983533.69
17	992747.02
18	1104968.81
19	996522.14
20	1259404.04
21	1014106.31
22	1035544.64
23	1014376.65
24	1025633.51
25	1051461.77
26	1023219.17
27	1017236.31
28	1064886.44
29	1004604.07
30	1002172.01
31	1190693.72
32	994671.08
33	1131394.98
34	1305342.60
35	991829.57
36	982483.86
37	1008773.62
38	994753.68
39	996185.84
40	983809.26
41	995777.08
42	994643.68
43	999226.08
44	984063.55
45	998702.92
46	994804.18
47	993673.53
48	980740.55
49	995032.45
50	994376.57
51	998412.94
52	983071.73
53	995395.32
54	994081.64
55	998996.36
56	988108.89
57	998403.13
58	999061.89
59	1021906.11
60	978976.44
61	1001880.31
62	999039.70
63	997016.78
64	1237059.42
