0	2.50
1	2.54
2	2.90
3	2.51
4	2.48
5	2.49
6	2.44
7	2.65
8	2.49
9	2.33
10	2.59
11	2.73
12	2.01
13	2.09
14	2.18
15	2.08
16	1.89
17	2.39
18	2.50
19	2.85
20	2.65
21	2.67
22	2.64
23	2.79
24	2.64
25	2.64
26	2.38
27	2.57
28	2.25
29	2.29
30	2.24
31	2.47
32	3.11
33	3.02
34	2.32
35	3.07
36	2.30
37	2.11
38	2.28
39	2.36
40	2.50
41	2.81
42	3.64
43	2.62
44	3.11
45	3.90
46	3.13
47	3.22
48	2.33
49	2.62
50	2.78
51	2.83
52	3.98
53	2.72
54	3.28
55	1.98
56	2.28
57	3.47
58	2.78
59	2.12
60	2.29
61	2.45
62	2.68
63	2.22
64	2.19
