0	3.57
1	3.58
2	5.46
3	4.00
4	3.54
5	3.72
6	3.57
7	5.08
8	3.87
9	4.65
10	4.97
11	3.80
12	3.50
13	2.99
14	4.80
15	3.53
16	3.91
17	5.01
18	4.26
19	3.61
20	4.21
21	3.17
22	4.19
23	3.60
24	2.87
25	3.89
26	3.63
27	3.01
28	4.96
29	2.89
30	2.99
31	3.35
32	5.63
33	4.38
34	4.37
35	4.86
36	4.15
37	3.23
38	3.99
39	3.27
40	4.03
41	3.87
42	6.15
43	4.95
44	5.53
45	2.99
46	5.27
47	3.82
48	4.95
49	4.03
50	5.60
51	5.01
52	3.13
53	3.96
54	3.15
55	3.28
56	3.60
57	3.06
58	2.97
59	3.12
60	2.88
61	3.42
62	4.13
63	4.30
64	3.31
