0.104000 0.024000
0.068000 0.032000
0.028000 0.024000
0.028000 0.020000
0.032000 0.016000
0.044000 0.008000
0.056000 0.008000
0.036000 0.020000
0.044000 0.020000
0.068000 0.020000
0.156000 0.024000
0.216000 0.028000
0.392000 0.012000
0.292000 0.016000
0.512000 0.016000
0.560000 0.020000
0.820000 0.024000
1.496000 0.020000
1.380000 0.016000
1.464000 0.024000
1.752000 0.024000
1.808000 0.032000
0.056000 0.008000
0.044000 0.020000
0.116000 0.020000
0.048000 0.024000
0.108000 0.028000
0.052000 0.012000
0.052000 0.012000
0.036000 0.028000
0.052000 0.012000
0.036000 0.020000
0.028000 0.028000
0.076000 0.024000
0.032000 0.016000
0.060000 0.036000
0.036000 0.020000
0.036000 0.008000
0.036000 0.012000
0.036000 0.012000
0.020000 0.032000
0.032000 0.016000
0.032000 0.020000
0.032000 0.032000
